品番,不当ピッチ
35300ECB010,0.14
35580ECB010,0.14
1040052001Z,0.08
1040183011P,0.08
3040052001B,0.08
9010506A003,0.08
9010506A089,0.08
9010508A014,0.08
9010508A042,0.08
9010512A018,0.08
9011906908,0.08
9011906A065,0.08
9014860027,0.08
9014908A008,0.08
9015905A007,0.08
9015906A021,0.08
9015906A022,0.08
9015906A023,0.08
9034114A004,0.08
9034118A024,0.08
9093003179,0.08
9155180614,0.08
9155180640,0.08
9161140614,0.08
9167180618,0.08
G1163ECB010,0.08
G1163ECE010,0.08
35145ECE020,0.13
35174ECB010,0.13
35174ECE010,0.13
35174ECE020,0.13
35312ECB010,0
01912ECB040,0
019128GA010,0.29
01912ECB010,0.29
82821CWA030,0.29
82821ECB010,0.29
82821ECB020,0.29
82821ECB040,0.29
82821ECB050,0.29
82821ECE010,0.29
82821XAE010,0.29
82821XAE020,0.29
2030045013L,0
36108ECB010,0
35501ECB010,0
9036345A004,0
35557ECB010,0.05
41310ECB010,0.05
41310ECE010,0.05
1040043104R,0.12
35556ECB010,0.12
9025006A007,0.12
33490ECB010,0.23
33490ECE010,0.23
9036628A005,0
9036628A006,0
9036628A007,0
9036628A008,0
9036630A016,0
9036630A017,0
9036652A003,0
9036652A004,0
9036658A001,0
9036658A002,0
9036659A009,0
9036659A010,0
35352ECB010,0
G9201ECB030,0.05
G9201ECE010,0.05
35198ECE010,0
3548255A010,0
35482TFA010,0
35595ECB010,0
5040056001E,0
9033106A003,0
9033904A002,0
9033904A003,0
35145ECB010,0
35145ECE010,0
35195ECE010,0
35195TFG010,0
35771ECB010,0.07
35771ECE010,0.07
35141ECB010,0.16
35141ECE010,0.16
39171ECB010,0.16
39171ECE010,0.16
01912ECB060,0
2030052002N,0.12
9011606048,0.12
9034108A006,0.12
9034108A010,0.12
9034118090,0.12
3559850A010,0.32
9034118060,0
G1174ECB010,0
G1174ECE010,0
82824ECE010,0
G1144ECB010,0
G117362010,0
3519510A010,0.1
35505ECB010,0.1
9094906A012,0.1
34989ECB010,0
34989ECB020,0
34989ECB030,0
34989ECC010,0
34989ECE010,0
34989ECE020,0
9050827A011,0.08
9052409A003,0.08
82125ECB020,0.07
82125ECC020,0.07
82125ECE020,0.07
82125ECE030,0.07
G9210ECB010,0.07
G9210ECC010,0.07
G9210ECE010,0.07
G9210ECE020,0.07
G9351ECB010,0.07
G9351ECE010,0.07
9033114006,0
2030044001J,0.03
9030106A018,0.03
9030111A014,0.03
9030115A011,0.03
9030117A010,0.03
9030119A010,0.03
9030119A011,0.03
9031150A014,0.03
9031150A015,0.03
G1250ECB010,0.24
G1250ECC010,0.24
G1250ECE010,0.24
9036324A003,0.09
9036324A004,0.09
9036324A005,0.09
9036340085,0.09
35165ECE010,0
3539450A010,0
9025006027,0
9020150A002,0
9020156A001,0
9020156A002,0
9056439A001,0
9056439A002,0
9056439A003,0
9056439A004,0
9056439A005,0
9056439A006,0
9056439A007,0
9056439A008,0
9056439A009,0
9056450A001,0
9056450A002,0
9056450A003,0
9056450A004,0
9056450A005,0
9056450A006,0
9056450A007,0
9056450A008,0
9056450A009,0
9056451A066,0
9056451A067,0
9056451A068,0
9056451A069,0
9056451A070,0
9056451A071,0
9056451A072,0
9056451A073,0
9056451A074,0
9056451A075,0
9056451A076,0
9056451A077,0
9056451A078,0
9056451A079,0
9056451A080,0
9056451A081,0
9056451A082,0
9056451A083,0
9056451A084,0
9056451A085,0
9056451A086,0
9056451A087,0
9056451A088,0
9056451A089,0
9056451A090,0
9056451A091,0
9056451A092,0
9056451A093,0
9056451A094,0
9056451A095,0
9056451A096,0
9056451A097,0
9056451A098,0
9056451A099,0
9056451A100,0
9056451A101,0
9056451A102,0
9056451A103,0
9056451A104,0
9056451A105,0
9056451A106,0
9056451A107,0
9056451A108,0
9056451A109,0
9056451A110,0
9056451A111,0
9056451A112,0
9056455A018,0
9056455A019,0
9056455A020,0
9056455A021,0
9056455A022,0
9056455A023,0
9056455A024,0
9056455A025,0
9056455A026,0
9056455A027,0
9056455A028,0
9056455A029,0
9056455A030,0
9056455A031,0
9056455A032,0
9056455A033,0
9056455A034,0
9056455A035,0
9056455A036,0
9056455A037,0
9056455A038,0
9056455A039,0
9056455A040,0
9056455A041,0
9056455A042,0
9056455A043,0
9056455A044,0
9056455A045,0
9056455A046,0
9056455A047,0
9056455A048,0
9056455A049,0
9056455A050,0
9056455A051,0
9056455A052,0
9056455A053,0
9056455A054,0
9056455A055,0
9056455A056,0
9056455A057,0
9056455A058,0
9056455A059,0
9056455A060,0
9056455A061,0
9056455A062,0
9056455A063,0
9056455A064,0
9056455A065,0
9056455A066,0
9056457A114,0
9056457A115,0
9056457A116,0
9056457A117,0
9056457A118,0
9056457A119,0
9056457A120,0
9056457A121,0
9056457A122,0
9056457A123,0
9056457A124,0
9056457A125,0
9056457A126,0
9056457A127,0
9056457A128,0
9056457A129,0
9056457A130,0
9056457A131,0
9056457A132,0
9056457A133,0
9056457A134,0
9056457A135,0
9056457A136,0
9056457A137,0
9056457A138,0
9056457A139,0
9056457A140,0
9056457A141,0
9056457A142,0
9056457A143,0
9056457A144,0
9056457A145,0
9056457A146,0
9056457A147,0
9056457A148,0
9056457A149,0
9056457A150,0
9056457A151,0
9056457A152,0
9056457A153,0
9056457A154,0
9056457A155,0
9056457A156,0
9056457A157,0
9056457A158,0
9056457A159,0
9056463A011,0
9056463A012,0
9056463A013,0
9056463A014,0
9056463A015,0
9056463A016,0
9056463A017,0
9056463A018,0
9056463A019,0
9056463A020,0
9056463A021,0
9056463A022,0
9056463A023,0
9056463A024,0
9056463A025,0
9056463A026,0
9056463A027,0
9056463A028,0
9056463A029,0
9056463A030,0
9056463A031,0
9056463A032,0
9056463A033,0
9056463A034,0
9056463A035,0
9056463A036,0
9056463A037,0
9056463A038,0
9056463A039,0
9056463A040,0
9056463A041,0
9056463A042,0
9056463A043,0
9056463A044,0
9056463A045,0
9056463A046,0
9056463A047,0
9056463A048,0
9056463A049,0
9056463A050,0
9056463A051,0
9056463A052,0
9056463A053,0
9056463A054,0
9056463A055,0
9056463A056,0
82125ECB010,0
82125ECE010,0
82824ECB010,0
82824ECB020,0
G1144ECE010,0
35847ECB010,0
35847ECB020,0
35847ECE010,0
35847ECE020,0
35882ECB010,0
35441ECB010,0
35441TFA010,0
35409ECB010,0
